* Distortion data saved by REW V5.40 Beta 111
* Dated: Apr 18, 2025, 8:25:02 PM
* Format: 512k Log Swept Sine, 1 sweep at -12.0 dBFS with no timing reference
* Measurement: Piega
* Frequency Step: 24 ppo
* Freq (Hz), Fundamental (dB), THD (%), Noise (%), H2 (%), H3 (%), H4 (%), H5 (%), H6 (%), H7 (%), H8 (%), H9 (%)
1000.000, 56.522, 107.7, 3.74, 33.4, 46.7, 46.9, 62.4, 25.4, 32.1, 15.6, 17.1
1030.000, 57.105, 106.4, 4.53, 51.9, 60.6, 39.8, 41.6, 14.0, 36.5, 7.39, 7.73
1060.000, 57.397, 115.9, 4.16, 50.5, 71.1, 53.8, 39.9, 12.6, 30.2, 13.1, 9.52
1090.000, 57.924, 100.4, 3.26, 36.8, 72.0, 40.7, 22.4, 17.0, 25.8, 15.3, 13.9
1120.000, 59.504, 63.3, 2.54, 19.9, 43.2, 15.4, 20.2, 15.9, 20.4, 15.8, 13.5
1150.000, 59.225, 47.7, 2.89, 20.2, 23.0, 17.0, 24.2, 10.9, 15.6, 6.46, 8.18
1180.000, 57.487, 66.6, 3.13, 22.3, 52.9, 24.6, 14.3, 7.60, 13.3, 5.79, 7.67
1220.000, 53.619, 173.8, 6.09, 35.7, 133.8, 91.1, 20.3, 15.6, 38.9, 16.4, 17.8
1250.000, 54.996, 144.8, 4.04, 68.0, 98.4, 58.4, 16.1, 25.3, 35.5, 22.1, 24.1
1280.000, 58.764, 119.2, 3.48, 94.0, 52.2, 32.2, 14.1, 24.7, 20.0, 11.7, 16.3
1320.000, 59.112, 104.9, 3.55, 83.7, 40.3, 35.3, 13.8, 22.9, 12.1, 12.5, 10.6
1360.000, 55.816, 124.4, 4.90, 102.4, 51.8, 20.3, 24.3, 21.2, 16.2, 19.6, 13.8
1400.000, 59.535, 66.6, 2.73, 41.5, 33.9, 15.4, 23.2, 19.0, 8.56, 15.5, 10.7
1450.000, 65.362, 44.1, 1.16, 33.8, 21.8, 8.69, 10.7, 7.16, 6.02, 5.93, 3.58
1500.000, 69.052, 46.2, 0.661, 43.0, 8.46, 9.26, 5.82, 6.01, 3.22, 4.51, 5.15
1550.000, 69.735, 68.5, 0.617, 63.9, 16.2, 12.4, 8.46, 6.94, 4.45, 3.89, 6.88
1600.000, 70.059, 68.5, 0.661, 52.4, 25.6, 31.3, 8.71, 11.0, 6.97, 5.06, 6.70
1650.000, 70.705, 58.5, 0.770, 37.9, 19.2, 29.7, 11.3, 13.2, 8.34, 14.2, 12.6
1700.000, 69.730, 66.0, 0.904, 38.7, 18.5, 28.1, 18.3, 18.8, 12.3, 25.1, 16.0
1750.000, 66.397, 112.4, 1.13, 54.4, 70.2, 31.7, 45.5, 22.8, 19.3, 24.2, 13.4
1800.000, 65.480, 63.4, 1.07, 25.7, 49.4, 18.8, 14.9, 8.72, 11.9, 6.03, 9.27
1850.000, 68.107, 35.7, 0.864, 26.8, 21.0, 7.58, 3.90, 1.88, 5.02, 1.59, 3.26
1900.000, 67.911, 35.3, 0.705, 30.4, 14.4, 7.23, 4.69, 3.69, 3.63, 0.863, 3.68
1950.000, 68.384, 32.5, 0.648, 24.9, 16.9, 7.23, 4.22, 5.41, 4.86, 3.01, 4.28
2000.000, 73.303, 22.2, 0.436, 16.4, 8.80, 8.64, 4.70, 3.81, 3.17, 3.46, 3.68
2060.000, 75.916, 25.5, 0.345, 22.3, 4.65, 9.23, 5.00, 2.89, 2.07, 2.80, 1.88
2120.000, 76.519, 27.9, 0.279, 24.1, 6.64, 9.80, 4.90, 3.27, 2.32, 3.26, 1.54
2180.000, 77.149, 15.0, 0.279, 13.6, 4.12, 3.63, 1.83, 1.42, 1.56, 1.18, 0.688
2240.000, 77.308, 8.48, 0.280, 6.54, 4.68, 1.87, 1.13, 1.01, 0.950, 0.670
2300.000, 74.784, 10.1, 0.383, 6.61, 7.16, 1.29, 1.61, 0.913, 0.924, 0.601
2360.000, 72.646, 12.9, 0.593, 11.8, 4.30, 1.24, 1.38, 1.47, 1.26, 0.833
2430.000, 71.690, 17.9, 0.527, 17.0, 4.73, 0.988, 0.967, 2.23, 1.14, 0.414
2500.000, 75.551, 6.28, 0.304, 2.35, 5.45, 0.625, 1.10, 1.47, 0.677
2580.000, 79.652, 2.31, 0.235, 1.49, 1.50, 0.271, 0.672, 0.500, 0.283
2650.000, 80.159, 2.67, 0.249, 2.57, 0.526, 0.127, 0.322, 0.302, 0.206
2720.000, 80.762, 2.13, 0.202, 1.88, 0.962, 0.125, 0.247, 0.137, 0.109
2800.000, 80.350, 2.74, 0.247, 2.16, 1.58, 0.326, 0.404, 0.161, 0.141
2900.000, 79.502, 4.72, 0.197, 4.11, 2.26, 0.265, 0.355, 0.216
3000.000, 82.621, 1.90, 0.143, 1.36, 1.32, 0.117, 0.117, 0.073
3070.000, 85.466, 1.37, 0.100, 0.992, 0.927, 0.075, 0.138, 0.051
3150.000, 87.341, 1.70, 0.071, 1.55, 0.675, 0.099, 0.093, 0.053
3250.000, 85.002, 2.00, 0.084, 1.68, 1.05, 0.223, 0.160, 0.145
3350.000, 83.267, 1.55, 0.149, 0.897, 1.24, 0.263, 0.101
3450.000, 81.040, 1.98, 0.176, 0.713, 1.83, 0.231, 0.099
3550.000, 83.004, 1.28, 0.128, 0.574, 1.13, 0.170, 0.090
3650.000, 85.047, 0.882, 0.101, 0.665, 0.571, 0.089, 0.043
3750.000, 85.023, 0.949, 0.077, 0.716, 0.618, 0.063, 0.048
3870.000, 83.806, 1.01, 0.136, 0.665, 0.758, 0.064, 0.060
4000.000, 83.970, 0.804, 0.145, 0.525, 0.607, 0.054
4120.000, 86.954, 0.445, 0.094, 0.260, 0.358, 0.042
4250.000, 89.076, 0.414, 0.067, 0.249, 0.329, 0.035
4370.000, 88.256, 0.464, 0.072, 0.272, 0.369, 0.071
4500.000, 85.623, 0.481, 0.119, 0.246, 0.387, 0.147
4620.000, 86.213, 0.404, 0.101, 0.190, 0.335, 0.123
4750.000, 87.124, 0.456, 0.091, 0.261, 0.352, 0.126
4870.000, 86.958, 0.497, 0.077, 0.387, 0.299, 0.088
5000.000, 82.803, 0.781, 0.160, 0.709, 0.328
5150.000, 84.110, 0.373, 0.120, 0.285, 0.240
5300.000, 86.065, 0.206, 0.109, 0.123, 0.166
5450.000, 84.037, 0.235, 0.142, 0.186, 0.143
5600.000, 84.093, 0.293, 0.135, 0.212, 0.202
5800.000, 86.758, 0.190, 0.095, 0.154, 0.111
6000.000, 85.040, 0.164, 0.118, 0.126, 0.105
6150.000, 83.112, 0.205, 0.163, 0.154, 0.136
6300.000, 83.551, 0.223, 0.142, 0.180, 0.131
6500.000, 82.401, 0.474, 0.151, 0.416, 0.227
6700.000, 82.204, 0.200, 0.181, 0.200
6900.000, 84.261, 0.154, 0.138, 0.154
7100.000, 82.961, 0.134, 0.168, 0.134
7300.000, 84.073, 0.128, 0.138, 0.128
7500.000, 84.806, 0.165, 0.113, 0.165
7750.000, 83.246, 0.193, 0.156, 0.193
8000.000, 83.320, 0.436, 0.149, 0.436
8250.000, 82.570, 0.180, 0.160, 0.180
8500.000, 84.723, 0.217, 0.138, 0.217
8750.000, 84.467, 0.164, 0.152, 0.164
9000.000, 85.144, 0.108, 0.142, 0.108
9250.000, 83.834, 0.148, 0.143, 0.148
9500.000, 83.474, 0.134, 0.165, 0.134
9750.000, 83.658, 0.132, 0.160, 0.132
10000.000, 85.384, 0.0E0, 0.122
