* Distortion data saved by REW V5.40 Beta 111
* Dated: Apr 18, 2025, 8:21:37 PM
* Format: 512k Log Swept Sine, 1 sweep at -12.0 dBFS with no timing reference
* Measurement: Piega black dot
* Frequency Step: 24 ppo
* Freq (Hz), Fundamental (dB), THD (%), Noise (%), H2 (%), H3 (%), H4 (%), H5 (%), H6 (%), H7 (%), H8 (%), H9 (%)
1000.000, 57.455, 32.8, 4.67, 25.7, 15.0, 11.5, 6.59, 2.22, 2.22, 1.30, 0.660
1030.000, 56.703, 39.2, 3.16, 20.6, 19.1, 26.6, 5.31, 1.96, 2.71, 1.58, 1.02
1060.000, 56.644, 49.4, 3.39, 22.2, 36.5, 23.4, 4.08, 4.56, 2.68, 5.08, 1.59
1090.000, 57.014, 79.1, 4.07, 73.5, 17.6, 19.7, 9.57, 5.11, 3.11, 4.53, 3.30
1120.000, 59.202, 67.8, 2.67, 65.9, 9.19, 8.99, 7.32, 3.78, 1.62, 2.10, 3.56
1150.000, 59.102, 37.2, 2.30, 34.3, 9.38, 8.13, 5.90, 2.83, 2.02, 1.86, 2.38
1180.000, 57.085, 39.6, 3.98, 28.4, 22.5, 9.58, 11.2, 4.48, 1.32, 1.95, 2.36
1220.000, 51.644, 79.5, 5.82, 46.6, 57.6, 20.3, 18.2, 7.13, 3.74, 3.00, 3.26
1250.000, 53.099, 57.3, 7.12, 46.7, 25.0, 14.9, 12.5, 6.00, 3.10, 3.57, 6.11
1280.000, 56.894, 35.3, 3.99, 26.3, 19.2, 9.75, 6.67, 4.71, 1.55, 1.93, 3.76
1320.000, 57.438, 40.6, 3.11, 34.2, 18.4, 8.54, 5.24, 4.77, 2.24, 1.79, 3.25
1360.000, 54.235, 80.0, 4.76, 72.7, 30.3, 8.90, 8.65, 4.55, 2.92, 2.68, 3.13
1400.000, 59.401, 56.8, 2.92, 47.8, 29.9, 3.43, 4.81, 1.70, 1.83, 1.68, 1.43
1450.000, 64.214, 27.0, 1.99, 18.4, 19.3, 3.25, 1.34, 0.960, 1.37, 1.95, 1.46
1500.000, 67.190, 22.0, 1.33, 18.6, 10.5, 4.22, 1.47, 0.757, 1.29, 1.42, 0.778
1550.000, 68.024, 48.3, 1.12, 43.8, 19.8, 3.42, 1.57, 1.14, 1.38, 1.47, 0.956
1600.000, 67.199, 50.3, 1.13, 47.5, 14.6, 7.05, 1.47, 0.979, 1.78, 1.14, 1.29
1650.000, 66.729, 23.2, 1.01, 17.9, 11.3, 7.72, 1.59, 3.28, 3.58, 2.01, 1.38
1700.000, 66.309, 21.3, 1.28, 16.3, 6.75, 9.77, 4.33, 4.10, 3.10, 1.70, 1.20
1750.000, 65.495, 35.2, 1.18, 29.4, 8.25, 14.2, 4.97, 6.12, 5.25, 2.91, 3.20
1800.000, 66.089, 35.8, 1.22, 27.2, 12.3, 8.22, 13.0, 8.17, 7.71, 2.75, 4.47
1850.000, 66.905, 43.8, 0.981, 31.0, 19.9, 16.9, 12.5, 6.25, 7.83, 1.97, 4.42
1900.000, 65.147, 69.8, 1.27, 42.2, 43.3, 23.6, 15.1, 18.6, 7.13, 2.99, 4.17
1950.000, 65.222, 78.2, 1.12, 58.1, 47.3, 14.2, 6.05, 13.6, 5.83, 4.96, 4.42
2000.000, 71.314, 26.4, 0.726, 23.2, 11.2, 3.00, 2.03, 3.54, 1.56, 1.31, 1.04
2060.000, 75.153, 17.4, 0.436, 17.0, 1.89, 1.61, 1.45, 1.88, 0.948, 0.630, 0.392
2120.000, 74.784, 21.4, 0.401, 20.9, 2.74, 2.61, 1.85, 1.70, 1.06, 0.683, 0.473
2180.000, 76.029, 15.4, 0.308, 14.4, 4.69, 2.17, 1.12, 0.655, 0.596, 0.337, 0.371
2240.000, 76.474, 11.1, 0.440, 10.9, 1.81, 0.804, 0.564, 0.508, 0.314, 0.167
2300.000, 73.447, 12.9, 0.423, 12.7, 2.04, 0.583, 0.577, 0.263, 0.444, 0.221
2360.000, 71.070, 17.2, 0.836, 17.1, 1.85, 0.481, 0.684, 0.391, 0.301, 0.295
2430.000, 70.220, 22.5, 0.547, 22.4, 1.80, 0.488, 0.682, 0.444, 0.426, 0.266
2500.000, 74.341, 7.44, 0.540, 7.08, 2.14, 0.414, 0.450, 0.410, 0.339
2580.000, 79.773, 2.99, 0.297, 2.95, 0.376, 0.210, 0.199, 0.111, 0.097
2650.000, 80.676, 2.81, 0.205, 2.74, 0.533, 0.276, 0.191, 0.107, 0.083
2720.000, 80.811, 3.95, 0.200, 3.87, 0.677, 0.339, 0.147, 0.117, 0.070
2800.000, 79.355, 4.13, 0.208, 3.89, 1.22, 0.546, 0.206, 0.113, 0.115
2900.000, 78.077, 2.24, 0.303, 2.09, 0.626, 0.453, 0.127, 0.087
3000.000, 81.754, 2.61, 0.190, 2.55, 0.481, 0.233, 0.095, 0.053
3070.000, 84.590, 1.40, 0.157, 1.35, 0.326, 0.167, 0.109, 0.037
3150.000, 86.816, 0.937, 0.113, 0.911, 0.167, 0.093, 0.105, 0.034
3250.000, 85.219, 0.664, 0.129, 0.588, 0.239, 0.125, 0.141, 0.044
3350.000, 83.524, 1.11, 0.145, 0.989, 0.407, 0.237, 0.154
3450.000, 81.240, 2.97, 0.177, 2.87, 0.614, 0.406, 0.264
3550.000, 83.388, 1.91, 0.161, 1.79, 0.581, 0.277, 0.127
3650.000, 85.295, 1.43, 0.122, 1.33, 0.482, 0.158, 0.070
3750.000, 85.079, 1.23, 0.105, 1.10, 0.541, 0.122, 0.052
3870.000, 83.674, 0.549, 0.150, 0.215, 0.498, 0.065, 0.052
4000.000, 83.290, 0.643, 0.139, 0.310, 0.554, 0.099
4120.000, 85.877, 0.537, 0.112, 0.436, 0.266, 0.165
4250.000, 88.587, 0.369, 0.076, 0.284, 0.224, 0.071
4370.000, 87.806, 0.294, 0.125, 0.232, 0.175, 0.042
4500.000, 85.631, 0.590, 0.111, 0.543, 0.218, 0.074
4620.000, 86.258, 0.386, 0.105, 0.356, 0.134, 0.065
4750.000, 87.487, 0.257, 0.095, 0.214, 0.136, 0.038
4870.000, 86.642, 0.545, 0.130, 0.505, 0.200, 0.045
5000.000, 82.178, 1.02, 0.162, 0.969, 0.306
5150.000, 83.615, 0.502, 0.161, 0.384, 0.323
5300.000, 85.705, 0.370, 0.137, 0.233, 0.288
5450.000, 83.980, 0.336, 0.175, 0.290, 0.171
5600.000, 84.691, 0.429, 0.143, 0.399, 0.159
5800.000, 87.448, 0.485, 0.109, 0.471, 0.113
6000.000, 85.707, 0.328, 0.121, 0.295, 0.145
6150.000, 83.855, 0.269, 0.168, 0.208, 0.171
6300.000, 84.216, 0.286, 0.131, 0.218, 0.186
6500.000, 83.067, 0.316, 0.165, 0.234, 0.213
6700.000, 82.556, 0.218, 0.152, 0.218
6900.000, 84.379, 0.155, 0.156, 0.155
7100.000, 83.180, 0.176, 0.142, 0.176
7300.000, 84.065, 0.194, 0.134, 0.194
7500.000, 84.480, 0.389, 0.131, 0.389
7750.000, 82.862, 0.647, 0.183, 0.647
8000.000, 82.848, 0.785, 0.175, 0.785
8250.000, 82.192, 1.21, 0.178, 1.21
8500.000, 84.011, 0.316, 0.163, 0.316
8750.000, 83.837, 0.215, 0.164, 0.215
9000.000, 84.404, 0.227, 0.154, 0.227
9250.000, 83.098, 0.276, 0.182, 0.276
9500.000, 82.398, 0.377, 0.191, 0.377
9750.000, 82.395, 0.477, 0.185, 0.477
10000.000, 83.803, 0.0E0, 0.178
